operations: 898 
391 542 29 147 738 762 233 48 708 515 810 206 110 351 225 505 847 270 910 723 712 325 765 130 846 894 338 460 150 646 516 417 597 374 879 22 281 544 703 353 616 925 96 445 617 964 899 565 346 675 720 201 314 683 226 717 774 831 490 917 682 222 651 952 369 409 998 66 736 697 596 317 425 550 367 935 118 513 698 968 628 629 672 468 943 348 737 211 709 265 702 615 760 465 735 609 587 999 355 789 

operations: 996 
569 456 813 597 373 557 683 947 613 806 590 367 406 494 448 148 350 650 369 811 707 281 600 604 975 131 290 744 280 761 955 471 24 159 962 907 581 720 473 501 970 688 207 502 510 433 803 380 927 336 165 745 675 678 256 464 399 87 205 842 368 828 624 247 660 794 275 178 896 869 142 63 495 327 484 12 179 796 394 846 203 276 299 517 161 558 66 314 296 253 374 670 841 916 295 705 25 155 606 493 

operations: 903 
610 195 724 792 377 190 265 403 237 79 900 26 497 695 175 310 98 120 477 489 941 498 327 243 850 781 750 591 661 918 736 100 336 565 620 801 820 739 679 332 943 699 29 130 603 588 294 189 985 185 465 512 144 407 615 913 285 101 915 888 47 323 468 865 240 532 303 318 601 58 291 663 453 683 314 730 986 835 868 784 230 585 334 756 277 690 354 660 221 134 505 385 891 82 713 271 395 642 998 428 

operations: 1042 
577 780 674 296 931 429 836 408 355 893 338 914 110 210 302 912 797 564 241 301 246 645 34 824 315 279 628 235 229 851 243 715 104 365 933 174 494 56 153 654 688 947 321 823 833 776 950 649 934 177 193 123 891 741 543 287 294 349 285 475 37 575 596 457 188 290 844 106 367 760 862 999 761 286 421 361 646 866 383 195 396 399 100 818 683 604 625 481 199 848 794 773 960 220 954 16 465 573 403 490 

operations: 923 
386 73 40 614 518 604 453 755 168 844 710 533 547 881 221 393 380 271 752 243 960 751 280 856 477 585 817 507 194 394 951 381 309 220 824 79 730 923 938 482 193 415 343 156 370 159 592 296 911 794 34 529 818 210 560 954 502 569 644 544 830 583 173 224 785 99 340 898 754 285 479 141 782 651 75 468 617 459 895 841 189 727 565 694 121 993 294 686 759 638 129 548 870 50 549 756 550 249 861 800 

